$SPEC_ID:
bMCA Spectrum
$DATE_MEA:
10-01-2025  12:19:49
$MEAS_TIM:
 119.385       120
$DEVICE_ID:
bMCA 01223023
$ACQ_SETTINGS:
 2             120           1000          4             4095 
$HRDW_PARAMS:
PHA
 620
 0             0             6 
 5             4             2047 
 80            25            45 
 1             1 
$SPEC_CAL:
-7.703226      1.025806      0
$MCA_CAL:
3
-7.703226      1.025806      0
$DATA:
 0             2047 
 0             0             0             0             0             0             0             0 
 0             0             3             4             9             12            16            28 
 35            42            54            70            61            61            50            62 
 71            67            70            61            68            75            80            70 
 78            68            77            80            77            74            70            83 
 93            89            77            103           87            93            106           117 
 118           111           123           124           136           124           107           127 
 127           128           132           145           133           133           122           134 
 118           159           157           195           169           203           232           219 
 210           265           258           276           307           354           340           351 
 394           417           415           421           427           402           416           409 
 370           375           373           351           331           329           313           281 
 280           303           295           285           276           284           274           267 
 251           261           227           212           223           202           179           163 
 177           159           161           152           141           154           134           130 
 142           143           167           146           130           121           138           118 
 126           125           113           134           124           134           119           137 
 143           122           148           128           129           133           139           132 
 119           137           140           112           151           148           145           130 
 140           143           136           160           142           124           143           126 
 121           147           142           135           130           120           141           142 
 143           129           136           127           122           163           141           137 
 133           126           130           135           155           136           149           158 
 147           140           155           180           139           166           164           186 
 160           166           158           159           136           133           154           161 
 146           141           148           117           127           122           114           124 
 121           130           108           118           107           97            94            97 
 100           86            113           108           102           86            80            98 
 102           86            107           98            107           120           92            102 
 94            117           109           125           106           123           111           126 
 101           114           125           136           117           136           95            120 
 111           127           130           120           95            119           110           86 
 105           101           106           110           82            77            104           87 
 91            101           73            89            99            98            90            94 
 103           90            113           78            96            92            97            95 
 93            102           110           103           103           128           114           101 
 117           136           107           118           115           127           122           141 
 153           140           130           111           121           106           113           114 
 138           106           120           116           104           94            96            127 
 101           66            75            78            80            95            76            72 
 84            77            77            75            88            68            80            83 
 87            79            72            92            76            85            112           94 
 100           121           112           115           138           114           117           124 
 142           126           152           141           147           136           136           159 
 148           142           128           141           136           153           147           137 
 129           106           113           111           87            117           114           112 
 91            80            63            51            74            56            58            64 
 48            62            59            56            49            54            49            35 
 38            40            28            34            34            32            37            29 
 37            31            42            34            31            40            20            31 
 47            31            26            46            26            37            35            27 
 32            23            26            22            24            24            24            29 
 30            24            24            26            33            22            21            24 
 29            22            29            15            30            21            24            25 
 26            17            19            29            20            23            16            22 
 15            14            28            16            22            18            22            24 
 21            23            16            20            23            25            22            19 
 19            13            20            18            22            21            15            21 
 17            13            22            17            21            16            11            16 
 14            20            24            20            26            23            15            21 
 15            17            22            17            19            14            14            18 
 16            21            12            17            16            16            19            18 
 13            16            17            23            15            19            24            11 
 17            16            12            9             13            22            23            12 
 23            18            17            24            18            9             14            16 
 13            15            21            22            16            22            14            14 
 16            15            18            13            21            13            18            12 
 21            18            18            14            21            12            17            21 
 11            16            19            20            12            20            25            16 
 20            26            22            17            31            21            32            24 
 25            21            25            30            25            30            26            36 
 34            29            33            49            43            40            52            40 
 46            43            49            47            47            52            69            48 
 58            61            72            72            69            63            66            61 
 60            66            78            59            66            53            65            61 
 56            67            64            55            62            62            55            67 
 61            44            53            44            46            39            47            39 
 41            46            52            39            38            34            41            41 
 29            36            19            22            28            29            29            36 
 31            22            20            22            19            20            10            13 
 8             21            23            7             10            15            16            15 
 9             11            14            17            8             18            10            12 
 12            11            12            11            8             8             10            10 
 10            9             10            10            15            9             8             9 
 13            10            7             10            16            11            13            10 
 10            15            9             10            6             8             15            12 
 11            9             12            7             13            9             7             14 
 9             10            13            11            10            19            5             10 
 7             20            5             7             17            12            8             10 
 6             13            10            13            9             13            13            13 
 13            10            9             6             12            8             11            7 
 17            15            8             12            14            13            12            17 
 15            14            15            18            22            17            18            18 
 13            29            16            13            14            11            9             17 
 12            6             14            16            19            12            19            14 
 22            19            8             15            17            14            12            9 
 10            12            13            10            16            11            13            16 
 15            9             12            10            10            9             7             11 
 11            12            10            14            19            14            4             9 
 14            14            15            8             12            5             12            11 
 11            11            13            7             16            13            15            5 
 11            13            14            11            18            12            9             8 
 10            11            14            13            7             9             11            8 
 10            13            7             8             7             16            8             10 
 13            12            8             8             7             7             6             8 
 14            10            5             9             11            6             9             10 
 5             6             15            9             9             9             7             7 
 5             9             7             10            10            7             12            12 
 7             9             5             7             14            12            6             9 
 3             4             8             17            7             3             11            16 
 9             9             8             9             6             10            4             9 
 12            5             9             6             9             12            10            10 
 8             11            4             7             7             7             7             10 
 7             6             11            9             9             7             8             9 
 13            9             5             10            7             10            8             7 
 6             11            8             7             6             3             8             14 
 5             12            9             4             15            6             10            5 
 3             9             9             10            10            3             11            4 
 7             5             5             10            5             4             4             4 
 5             4             12            5             5             3             7             8 
 7             7             4             5             7             8             6             7 
 2             8             8             4             5             3             5             7 
 7             1             6             4             9             5             1             5 
 4             5             6             6             7             6             10            4 
 3             0             8             6             5             5             5             5 
 4             5             5             6             8             2             5             6 
 6             6             7             5             7             12            6             5 
 6             6             3             8             10            6             5             5 
 8             4             4             5             7             8             8             11 
 7             8             8             10            8             9             6             9 
 7             9             13            5             13            8             5             4 
 8             8             7             6             16            6             10            7 
 11            12            10            14            9             19            11            8 
 10            20            12            8             7             12            12            14 
 16            10            14            18            8             8             16            17 
 12            16            18            14            9             14            10            7 
 11            9             8             14            18            10            12            10 
 3             10            7             13            6             10            14            9 
 10            9             8             8             4             5             11            15 
 11            7             6             11            9             4             6             6 
 9             3             7             8             5             3             9             6 
 13            8             4             9             5             7             4             9 
 3             7             8             4             5             6             7             4 
 8             7             5             5             3             6             5             9 
 7             4             4             4             6             5             3             7 
 5             1             3             6             1             6             5             6 
 4             4             3             10            3             9             2             1 
 8             9             8             9             6             7             9             5 
 7             4             7             6             4             7             4             5 
 12            7             9             7             9             3             6             4 
 4             6             5             9             7             1             1             7 
 5             7             7             5             9             11            4             6 
 3             4             5             4             4             8             5             4 
 5             7             2             2             7             11            3             3 
 5             3             1             3             3             7             5             7 
 2             3             3             6             1             4             4             8 
 3             5             6             2             0             4             6             3 
 5             4             5             6             4             4             4             2 
 6             6             6             1             6             1             3             2 
 2             3             4             5             2             4             2             6 
 5             3             3             2             6             2             3             5 
 1             5             4             4             6             5             3             8 
 8             4             5             10            4             6             4             8 
 7             7             5             8             6             2             4             3 
 2             2             7             7             7             5             1             5 
 5             4             5             4             3             5             5             5 
 3             5             9             4             4             2             10            5 
 7             10            6             6             8             7             2             9 
 9             6             2             0             9             3             11            7 
 3             6             5             4             4             2             5             8 
 6             4             2             6             6             6             6             5 
 7             4             5             0             4             3             7             1 
 7             5             1             3             6             4             2             4 
 6             2             4             1             3             2             4             3 
 5             4             3             6             3             3             5             1 
 4             5             3             6             3             7             4             4 
 3             4             3             4             5             6             2             6 
 4             3             2             3             5             4             5             4 
 3             1             5             3             2             7             3             4 
 2             2             2             3             5             4             1             2 
 3             7             3             2             2             5             6             3 
 2             4             4             1             4             3             2             2 
 2             1             1             1             4             5             2             2 
 4             2             1             2             2             2             4             3 
 3             2             6             5             5             4             1             2 
 1             0             3             2             1             2             4             1 
 4             2             5             4             1             1             6             0 
 4             1             2             2             0             1             3             1 
 3             0             1             2             4             1             2             3 
 1             2             5             2             1             1             0             0 
 1             2             4             1             0             1             4             3 
 2             2             2             3             3             2             0             5 
 2             0             2             4             2             1             2             1 
 0             4             1             1             1             2             1             0 
 1             3             2             2             0             2             1             1 
 0             1             2             3             1             1             0             1 
 0             2             2             1             4             1             1             0 
 3             1             0             1             2             2             1             0 
 1             1             1             3             0             3             0             2 
 3             2             2             2             3             2             2             1 
 0             0             5             3             0             4             3             4 
 4             1             1             1             1             2             4             2 
 3             1             4             2             0             1             1             1 
 3             4             4             2             1             1             1             1 
 5             3             8             4             4             3             1             1 
 2             2             3             4             2             2             5             2 
 7             3             5             3             6             2             2             7 
 4             2             1             7             3             13            6             4 
 1             5             6             6             6             2             5             4 
 3             2             5             3             5             3             3             4 
 5             5             5             5             5             7             4             3 
 1             1             6             5             2             5             1             3 
 3             8             3             4             3             5             6             4 
 0             7             5             2             2             5             3             1 
 4             3             2             5             4             5             3             4 
 3             0             6             2             1             3             0             2 
 3             1             4             1             5             2             3             0 
 2             0             3             4             2             2             1             1 
 2             1             5             0             3             6             1             5 
 3             5             0             1             1             0             1             1 
 3             2             1             2             3             5             2             1 
 1             1             3             3             2             1             2             1 
 1             5             1             1             0             0             0             1 
 2             0             2             1             2             0             2             1 
 1             1             0             2             0             0             1             0 
 0             2             1             2             3             1             2             0 
 0             1             1             0             1             2             0             0 
 2             2             2             0             1             0             1             1 
 0             1             3             0             0             0             3             0 
 1             1             0             0             0             0             0             2 
 0             1             3             1             2             3             1             2 
 0             1             0             0             0             0             1             2 
 0             0             0             3             0             0             1             0 
 1             1             1             0             0             2             1             0 
 1             2             0             1             1             0             0             0 
 0             0             1             0             1             1             1             0 
 1             0             1             1             2             0             0             0 
 0             0             0             0             0             0             1             0 
 1             0             0             1             1             1             0             0 
 1             0             0             1             0             2             0             0 
 1             1             0             1             0             1             0             0 
 0             0             0             1             0             0             0             1 
 0             0             1             0             1             0             0             0 
 0             0             0             1             0             0             1             0 
 3             0             1             0             2             0             0             2 
 0             0             0             0             1             0             1             1 
 0             2             1             0             0             0             1             1 
 1             0             0             0             2             0             0             0 
 0             1             0             0             1             0             2             1 
 0             2             2             0             0             0             0             1 
 1             0             0             1             0             2             3             0 
 0             0             1             0             0             0             1             1 
 0             0             0             2             0             0             0             0 
 1             1             1             0             0             0             0             2 
 1             0             0             1             2             3             2             1 
 0             0             1             1             1             0             0             1 
