$SPEC_ID:
bMCA Spectrum
$DATE_MEA:
2026-01-04 01:52:46
$MEAS_TIM:
 179.88        180           
$DEVICE_ID:
bMCA 01223023
$ACQ_SETTINGS:
 2             120           1000          4             4095 
$HRDW_PARAMS:
PHA
 620
 0             0             6 
 5             4             2047 
 80            25            45 
 1             1
$SPEC_CAL:
-7.703226      1.025806      0             
$MCA_CAL:
3
-7.703226      1.025806      0             
$DATA:
 0             2047 
 0             0             0             0             0             0             0             0             
 0             1             1             8             8             8             10            12            
 12            12            12            12            12            12            11            11            
 18            18            18            18            18            20            20            20            
 20            17            17            17            14            14            14            18            
 18            19            19            19            19            18            18            18            
 28            28            28            34            34            34            26            26            
 26            26            40            40            40            33            33            42            
 42            46            46            53            53            55            55            55            
 58            58            66            66            66            66            71            71            
 71            71            84            90            90            90            90            76            
 76            76            75            75            75            75            75            75            
 75            75            75            75            75            73            85            66            
 71            71            71            65            65            65            68            68            
 60            60            58            58            66            66            69            69            
 69            68            68            67            67            67            75            75            
 75            63            63            59            59            58            58            58            
 55            55            62            62            62            62            62            62            
 62            62            62            62            62            63            63            63            
 55            57            51            47            49            50            50            42            
 42            45            45            44            44            44            48            48            
 48            37            37            37            36            36            36            41            
 41            41            41            44            35            36            36            36            
 36            36            36            36            33            33            33            37            
 37            40            40            40            40            40            40            40            
 39            39            36            36            40            40            40            40            
 40            32            32            32            32            25            25            25            
 26            26            26            35            35            35            35            35            
 34            33            33            28            28            28            28            30            
 30            30            32            32            32            27            27            37            
 37            37            37            21            21            21            23            23            
 23            23            32            32            26            26            26            26            
 24            24            25            25            18            18            18            18            
 16            16            17            17            17            20            20            19            
 19            21            21            21            21            21            15            15            
 18            18            18            18            18            18            18            17            
 17            17            19            19            17            16            16            16            
 20            20            20            16            16            16            21            21            
 21            17            10            10            14            14            14            16            
 16            16            16            15            15            15            15            11            
 11            11            11            16            16            16            16            16            
 16            16            16            16            16            13            13            13            
 8             8             14            14            17            17            17            17            
 17            9             9             11            11            13            13            16            
 16            16            16            16            9             9             10            10            
 10            9             9             6             6             10            10            10            
 7             7             11            11            11            12            12            12            
 9             9             9             9             9             12            12            10            
 10            10            7             7             8             8             8             8             
 4             4             4             4             5             5             5             5             
 5             5             5             5             5             5             5             9             
 9             9             9             9             7             7             7             6             
 6             6             6             9             9             9             9             8             
 8             8             8             4             4             4             6             6             
 6             7             7             7             7             7             7             7             
 5             4             4             4             4             4             4             4             
 7             7             8             8             6             6             6             6             
 6             7             7             6             6             6             6             6             
 6             8             8             8             7             7             7             7             
 3             3             3             7             7             7             1             1             
 1             3             3             3             4             4             7             7             
 7             6             6             6             6             4             4             4             
 7             5             5             5             5             5             6             6             
 6             5             5             5             5             5             4             4             
 4             8             8             8             8             8             8             7             
 7             7             4             4             4             4             8             8             
 8             8             8             4             4             4             4             4             
 4             5             5             5             3             3             3             2             
 2             2             3             3             3             3             4             4             
 5             5             5             3             3             4             4             6             
 6             6             6             4             4             4             4             4             
 4             4             5             5             6             6             6             6             
 3             3             3             4             4             4             4             4             
 4             4             4             4             4             4             3             3             
 3             3             6             6             6             5             5             5             
 6             6             6             6             4             4             6             6             
 6             6             6             6             4             4             5             5             
 5             5             5             6             6             6             3             3             
 3             3             5             5             5             5             5             3             
 3             3             3             3             3             2             2             2             
 4             4             4             3             3             2             2             2             
 4             4             3             3             3             5             5             5             
 1             1             1             1             1             1             1             2             
 2             2             3             3             3             3             3             3             
 3             3             4             4             4             4             4             2             
 2             2             2             4             4             4             4             2             
 2             1             1             3             3             3             3             3             
 4             4             4             2             2             2             2             2             
 2             2             3             3             3             3             4             4             
 4             3             3             3             3             1             1             1             
 1             1             1             1             0             0             0             0             
 0             0             0             0             0             0             0             0             
 0             0             0             0             0             0             0             0             
 0             0             0             0             0             0             0             0             
 0             0             0             0             0             0             0             0             
 0             0             0             0             0             0             0             0             
 0             0             0             0             0             0             0             0             
 0             0             0             0             0             0             0             0             
 0             0             0             0             0             0             0             0             
 0             0             0             0             0             0             0             0             
 0             0             0             0             0             0             0             0             
 0             0             0             0             0             0             0             0             
 0             0             0             0             0             0             0             0             
 0             0             0             0             0             0             0             0             
 0             0             0             0             0             0             0             0             
 0             0             0             0             0             0             0             0             
 0             0             0             0             0             0             0             0             
 0             0             0             0             0             0             0             0             
 0             0             0             0             0             0             0             0             
 0             0             0             0             0             0             0             0             
 0             0             0             0             0             0             0             0             
 0             0             0             0             0             0             0             0             
 0             0             0             0             0             0             0             0             
 0             0             0             0             0             0             0             0             
 0             0             0             0             0             0             0             0             
 0             0             0             0             0             0             0             0             
 0             0             0             0             0             0             0             0             
 0             0             0             0             0             0             0             0             
 0             0             0             0             0             0             0             0             
 0             0             0             0             0             0             0             0             
 0             0             0             0             0             0             0             0             
 0             0             0             0             0             0             0             0             
 0             0             0             0             0             0             0             0             
 0             0             0             0             0             0             0             0             
 0             0             0             0             0             0             0             0             
 0             0             0             0             0             0             0             0             
 0             0             0             0             0             0             0             0             
 0             0             0             0             0             0             0             0             
 0             0             0             0             0             0             0             0             
 0             0             0             0             0             0             0             0             
 0             0             0             0             0             0             0             0             
 0             0             0             0             0             0             0             0             
 0             0             0             0             0             0             0             0             
 0             0             0             0             0             0             0             0             
 0             0             0             0             0             0             0             0             
 0             0             0             0             0             0             0             0             
 0             0             0             0             0             0             0             0             
 0             0             0             0             0             0             0             0             
 0             0             0             0             0             0             0             0             
 0             0             0             0             0             0             0             0             
 0             0             0             0             0             0             0             0             
 0             0             0             0             0             0             0             0             
 0             0             0             0             0             0             0             0             
 0             0             0             0             0             0             0             0             
 0             0             0             0             0             0             0             0             
 0             0             0             0             0             0             0             0             
 0             0             0             0             0             0             0             0             
 0             0             0             0             0             0             0             0             
 0             0             0             0             0             0             0             0             
 0             0             0             0             0             0             0             0             
 0             0             0             0             0             0             0             0             
 0             0             0             0             0             0             0             0             
 0             0             0             0             0             0             0             0             
 0             0             0             0             0             0             0             0             
 0             0             0             0             0             0             0             0             
 0             0             0             0             0             0             0             0             
 0             0             0             0             0             0             0             0             
 0             0             0             0             0             0             0             0             
 0             0             0             0             0             0             0             0             
 0             0             0             0             0             0             0             0             
 0             0             0             0             0             0             0             0             
 0             0             0             0             0             0             0             0             
 0             0             0             0             0             0             0             0             
 0             0             0             0             0             0             0             0             
 0             0             0             0             0             0             0             0             
 0             0             0             0             0             0             0             0             
 0             0             0             0             0             0             0             0             
 0             0             0             0             0             0             0             0             
 0             0             0             0             0             0             0             0             
 0             0             0             0             0             0             0             0             
 0             0             0             0             0             0             0             0             
 0             0             0             0             0             0             0             0             
 0             0             0             0             0             0             0             0             
 0             0             0             0             0             0             0             0             
 0             0             0             0             0             0             0             0             
 0             0             0             0             0             0             0             0             
 0             0             0             0             0             0             0             0             
 0             0             0             0             0             0             0             0             
 0             0             0             0             0             0             0             0             
 0             0             0             0             0             0             0             0             
 0             0             0             0             0             0             0             0             
 0             0             0             0             0             0             0             0             
 0             0             0             0             0             0             0             0             
 0             0             0             0             0             0             0             0             
 0             0             0             0             0             0             0             0             
 0             0             0             0             0             0             0             0             
 0             0             0             0             0             0             0             0             
 0             0             0             0             0             0             0             0             
 0             0             0             0             0             0             0             0             
 0             0             0             0             0             0             0             0             
 0             0             0             0             0             0             0             0             
 0             0             0             0             0             0             0             0             
 0             0             0             0             0             0             0             0             
 0             0             0             0             0             0             0             0             
 0             0             0             0             0             0             0             0             
 0             0             0             0             0             0             0             0             
 0             0             0             0             0             0             0             0             
 0             0             0             0             0             0             0             0             
 0             0             0             0             0             0             0             0             
 0             0             0             0             0             0             0             0             
 0             0             0             0             0             0             0             0             
 0             0             0             0             0             0             0             0             
 0             0             0             0             0             0             0             0             
 0             0             0             0             0             0             0             0             
 0             0             0             0             0             0             0             0             
 0             0             0             0             0             0             0             0             
 0             0             0             0             0             0             0             0             
 0             0             0             0             0             0             0             0             
 0             0             0             0             0             0             0             0             
 0             0             0             0             0             0             0             0             
 0             0             0             0             0             0             0             0             
 0             0             0             0             0             0             0             0             
 0             0             0             0             0             0             0             0             
 0             0             0             0             0             0             0             0             
 0             0             0             0             0             0             0             0             
 0             0             0             0             0             0             0             0             
 0             0             0             0             0             0             0             0             
 0             0             0             0             0             0             0             0             
 0             0             0             0             0             0             0             0             
 0             0             0             0             0             0             0             0             
 0             0             0             0             0             0             0             0             
 0             0             0             0             0             0             0             0             
 0             0             0             0             0             0             0             0             
 0             0             0             0             0             0             0             0             
 0             0             0             0             0             0             0             0             
 0             0             0             0             0             0             0             0             
 0             0             0             0             0             0             0             0             
 0             0             0             0             0             0             0             0             
 0             0             0             0             0             0             0             0             
 0             0             0             0             0             0             0             0             
 0             0             0             0             0             0             0             0             
 0             0             0             0             0             0             0             0             
 0             0             0             0             0             0             0             0             
 0             0             0             0             0             0             0             0             
 0             0             0             0             0             0             0             0             
 0             0             0             0             0             0             0             0             
 0             0             0             0             0             0             0             0             
 0             0             0             0             0             0             0             0             
 0             0             0             0             0             0             0             0             
 0             0             0             0             0             0             0             0             
 0             0             0             0             0             0             0             0             
 0             0             0             0             0             0             0             0             
 0             0             0             0             0             0             0             0             
 0             0             0             0             0             0             0             0             
 0             0             0             0             0             0             0             0             
 0             0             0             0             0             0             0             0             
 0             0             0             0             0             0             0             0             
 0             0             0             0             0             0             0             0             
 0             0             0             0             0             0             0             0             
 0             0             0             0             0             0             0             0             
 0             0             0             0             0             0             0             0             
 0             0             0             0             0             0             0             0             
 0             0             0             0             0             0             0             0             
 0             0             0             0             0             0             0             0             
 0             0             0             0             0             0             0             0             
 0             0             0             0             0             0             0             0             